1764.67
152
67.43
62.4
25.32
18.9
31.5
26.65
30.1
12.16
2
8.5
2
12.16
2
17
4.2
8.5
17.97
4.2
3.15
10.19
12.16
2
8.5
49.6
3.15
12.16
11.65
5.99
8.5
12.16
3.15
3.15
12.16
4.2
8.5
4.2
3.15
4.2
4.2
3.15
5.99
15.6
8.5
8.5
5.99
12.16
15.6
5.99
4.2
5.99
4.2
3.15
15.6
4.2
4.2
4.2
3.15
12.16
3.15
3.15
3.15
12.16
5.99
3.15
3.15
4.2
3.15
4.2
3.15
3.15
12.16
12.16
3.15
3.15
3.15
3.15
3.15
3.15
3.15
3.15
18.49
3.15
13.16
12.16
5
14.16
5
5.99
12.16
5.99
8.15
1
3.15
4.2
6.3
3.15
12.16
16.36
12.16
5.99
4.2
3.15
1
25.5
4.2
6
2
12.16
4.2
1
12.16
5.99
8.5
12.16
12.16
3
12.16
12.16
12.16
12.16
3.15
107.1
12.16
1
12.16
12.16
12.16
12.16
3.15
1
1
12.16
4.2
3.15
8.5
1
4.2
2
1
12.16
5
5
12.16
11.5
12.16
13.65
24.32
9.45
58.09
37.66
225
8.3
